565814 568573 565419 562167 619660 600499 562594 455537 695756 561813 
731804 833335 832927 849742 833054 941776 880462 942339 880592 706838 
534822 527380 431595 551743 406324 406273 551661 408855 408462 408764 
885741 914682 899013 919152 907380 855554 832999 831905 889039 970797 
822312 662906 671857 748799 760097 755045 807785 716433 748193 748397 
767710 821288 670336 726717 668296 836747 627930 690807 682308 669622 
628383 522296 596912 415400 595438 598221 596714 595673 511412 402219 
599751 504466 637614 619025 558460 695955 570259 543133 569178 618842 
483442 340986 385044 285272 351923 323464 376277 323160 325865 376328 
324445 549359 466909 535022 548521 514230 514258 495449 322138 358802 
623693 523802 425926 430058 493081 426123 490546 619270 433270 432201 
852753 684490 814743 806141 730316 824098 689860 672308 824256 762035 
725111 746930 730999 756088 798973 696683 857201 878854 670225 725107 
594141 543219 481526 513250 582149 542941 522080 565610 596084 522078 
632501 409300 409216 433429 562875 562464 482225 563664 601274 454220 
795350 780218 683036 779947 682423 779859 724777 800731 806593 806446 
108265 157702 223877 102595 94646 224188 107170 265606 201328 217222 
736195 868528 718511 874263 862676 862392 865734 803788 724211 882972 
635793 510779 504339 631977 503525 606924 563489 545483 635668 466326 
396533 391453 395043 224830 226575 394974 258797 272436 193620 222535 
682558 589531 519210 546573 475757 481713 541161 601801 666481 587404 
776965 805687 563905 776967 570662 710368 787655 776961 559990 566609 
348340 427122 397040 403270 261528 363397 429041 305045 281276 426465 
250227 248404 294193 189266 294997 177512 122772 290169 176512 219735 
427618 538729 430796 466968 632994 475114 526223 515459 493981 525082 
364028 474871 385549 467307 530271 422089 465858 514508 514619 381318 
566528 559733 790153 790870 566510 791127 634527 794330 566480 770595 
421079 297695 365437 364341 353020 296045 366495 291938 363739 291918 
684418 653177 742315 804076 653519 678307 678649 724824 678265 725057 
770536 906657 686485 763463 763415 786368 715416 678014 792959 793183 
535195 534585 516922 390014 500063 448616 551649 528396 540700 534527 
750304 667784 631699 721404 787668 746092 633839 603396 749867 703702 
363838 331390 179057 342814 229563 258811 363497 239262 281121 330332 
617542 757915 568736 673631 648775 646723 646457 615911 676649 676916 
588070 466643 439789 430472 630175 511429 523314 595750 473396 540894 
506093 515367 641615 697203 521215 517651 621003 680729 680724 641127 
435441 509662 399396 419865 579946 534191 539737 403107 419897 580180 
353953 281352 369052 354678 183620 328471 317723 333028 189623 190336 
242348 324615 222799 311211 178098 368979 328306 220975 355875 284610 
254670 155808 157219 304150 265961 201683 132758 280540 113545 149730 
705641 899672 783939 920292 807956 863434 854607 736242 736313 678598 
327074 374653 217647 352542 322638 162748 352852 374487 292361 304642 
560641 777061 691381 718592 691243 717763 636509 730157 723289 684403 
695105 694518 803821 723528 903021 700737 903061 695647 698380 698353 
226901 226692 410068 443110 234283 379466 397015 402180 400851 379564 
780128 811671 785217 811894 820941 812385 812494 827163 826999 780322 
346543 236009 326954 345081 231547 408718 207277 346534 369606 289779 
246043 210301 253953 138342 124194 327485 125623 124883 129673 138708 
376001 354030 417082 384260 282953 325013 286090 285344 410324 287220 
521864 608899 558375 632208 639813 420624 534632 426862 559574 451694 
353396 254878 236987 352116 237178 256827 238731 356987 412388 412765 
920157 830007 744599 914442 774083 919794 770374 898134 774030 863669 
560543 602233 601599 781390 713982 714059 541492 541539 781199 781593 
308469 175395 179420 357055 242141 367362 323246 339510 233832 351987 
699019 604318 755597 540231 666774 604995 667418 666944 667019 603713 
232839 314738 280913 238417 141642 229049 254365 212545 235088 228527 
363623 324833 472375 331837 312604 419768 279393 279070 307829 308262 
607932 686203 541889 541839 595994 562251 469532 562323 469634 556125 
795913 889646 868268 700689 851781 777700 864378 851812 779004 716064 
676272 569221 672333 755598 673597 657378 673464 673996 672523 672413 
400319 436896 402994 455319 455217 399367 336785 509171 411641 421775 
698795 635448 635689 593887 689998 655667 689947 593594 660891 566368 
910997 905853 893191 821712 890693 890256 825006 838480 838648 838412 
560776 614806 754909 754772 754676 582589 574046 682414 590708 694080 
51863 37808 269179 204901 191270 55683 45284 218073 49136 173002 
983148 974627 863273 944767 870558 861875 781821 869634 782307 992978 
388499 475437 472352 386754 477646 478315 389087 476878 414228 376423 
465641 479203 476951 520829 538413 479037 476957 520776 538358 335382 
734895 768117 740000 669445 741851 814152 734709 814150 743583 745206 
175724 307427 314437 161777 171385 131621 239136 322838 231693 229951 
422210 541738 408439 375198 543096 407977 417477 543444 543487 541740 
503867 418723 403628 479958 503056 475175 541418 494416 496198 399103 
503042 495455 438646 685837 476181 612577 461696 469341 483587 448667 
898465 869615 900541 879150 881561 894402 869540 873454 934377 747466 
517176 312599 433078 430402 338867 426817 314481 437048 426975 353104 
526746 404281 368552 455580 429113 456833 461998 543058 456105 481177 
141798 336450 284144 267648 203370 273005 194189 324333 218377 120210 
721459 504085 632674 578628 728077 509115 633455 633822 582621 581325 
615280 616708 658312 544334 547324 698943 618428 730884 547884 544739 
673581 674079 672819 538504 673970 468983 579385 673335 674756 673324 
807512 797455 759718 605641 648799 779610 599858 771495 619931 610680 
547618 629260 476696 603835 629101 510579 454319 438877 421386 603552 
399761 274357 195541 187155 392804 275418 196602 210676 280953 177759 
891092 742291 923882 790990 874494 699842 905055 905839 847922 714059 
809544 667942 733434 729920 599227 663226 745982 694093 807936 711937 
476276 387726 421506 538079 480026 409350 479638 479823 479889 419010 
235221 366427 243353 381877 276625 197809 312212 258387 312394 253067 
81328 126135 238411 228321 308235 63374 156732 119894 282502 297056 
604382 559023 537398 661991 538511 637320 637468 559170 448216 558895 
440973 324553 410654 306482 250839 389418 442615 402599 236106 386717 
489510 521856 443491 520722 489513 526570 516673 445488 487433 520730 
424252 436546 537805 464727 421870 385776 474058 421884 407337 439826 
805419 889940 733031 886757 742445 863588 942656 956233 792323 806838 
493002 407598 527477 545419 432156 545573 441175 436811 526930 437379 
418066 478461 475678 376622 377192 417811 379263 470197 380955 478217 
648262 815750 750490 849368 650879 625082 785689 691386 664898 849118 
830308 770398 944926 784414 812528 783187 938268 726537 848519 868142 
478927 386859 322257 494846 514937 414932 419693 384898 397268 381144 
667475 655481 615191 599452 693505 667388 655584 477272 692804 656945 
369776 423878 424272 473248 341673 473151 305493 369366 368453 440321 
743391 684721 729706 687830 688869 598056 703680 694197 769814 702258 
377006 307868 397358 294796 310547 377268 410255 389695 411704 410967 
425639 411532 426298 408641 511892 584495 611807 411506 512012 417922 
102248 122446 181044 103709 181364 141401 40902 19426 141685 122290 
685832 783018 768605 694916 782528 689308 718969 797883 729303 852805 
316843 406529 427812 461533 476143 499669 347193 329585 304448 513558 
374597 458556 424425 366726 269113 427767 433986 476539 278749 427847 
768355 810068 770662 814439 770517 839308 615196 617426 814425 600518 
559355 425902 426171 559162 426024 559101 424420 512415 425578 512718 
233334 368656 166263 257352 287559 241046 237677 391633 379171 410397 
503247 539799 467812 475121 541628 541656 537925 475333 541837 535037 
936429 955728 810666 938566 797937 735369 737072 805586 741600 730156 
283227 208015 413142 259996 311199 405204 412092 311646 259924 413638 
199608 373259 248856 373182 277079 198263 245443 332146 248419 384488 
874480 913884 908278 808276 712916 908881 790569 873282 853021 908556 
224506 265241 200963 208344 300413 298168 239490 352639 372207 370872 
442773 476774 476801 476423 480163 447666 478254 521286 477193 477514 
822415 806919 965182 985984 986073 937451 938716 986031 822418 965307 
263659 416913 288550 430356 292129 372944 249950 429702 429911 250015 
558184 469304 511237 639059 667538 558899 559100 512414 512857 539903 
538508 578593 502049 577890 414562 418756 580229 569898 545686 494731 
258240 148663 127917 286094 142648 289387 353165 334127 350303 341866 
704820 736242 553985 727929 553730 632378 678598 783939 634783 736313 
949464 892139 891876 938558 913846 913957 824298 959671 931153 770352 
310029 469498 363456 342152 541273 367891 370749 482505 469622 311515 
534927 534926 506383 674320 674774 547200 458263 527576 675207 511323 
420374 350581 353113 250204 391796 420271 431196 391811 380421 262864 
728728 613802 660940 618237 636366 596696 542361 702897 729682 612886 
699280 774491 694799 823073 699481 694897 780508 694762 821879 678271 
930337 870214 914798 923053 884810 762282 870524 902553 898027 769300 
288466 309430 275398 196582 333380 180956 296168 325241 139770 245332 
285481 263970 268807 204529 123423 123525 259579 65832 142707 63513 
224465 366486 224050 224290 173510 248247 296624 224093 383903 168935 
169251 236386 74312 92667 130703 111979 34307 34306 123866 120339 
356816 313418 137290 287094 217060 228301 303460 313758 247071 134221 
440583 252253 417361 343646 469657 296733 297365 296320 468233 373148 
630219 779114 662810 716805 728460 772408 741047 694054 719156 719246 
581285 356419 499786 454545 545308 404841 501998 496085 455363 488577 
748606 732855 630579 731702 660537 732806 602455 611856 661782 611881 
193887 280355 240562 287576 77208 139211 305852 152581 272073 193257 
749080 801311 795379 722099 722480 661106 633978 731258 711949 781138 
316072 298557 210348 303199 327015 329197 325869 296475 280832 278544 
206053 269595 205317 278552 199736 320828 265235 200957 319835 319064 
69815 65960 175593 135687 52844 51185 233161 51236 201277 176839 
334254 291585 424342 252444 442730 258936 247458 345035 209639 370172 
354218 405585 367993 500362 498862 333275 341145 504743 290244 334524 
530377 608527 632944 551511 551279 505108 642275 571170 506495 641737 
622763 546486 624311 712857 516085 546632 677800 711700 515741 668414 
489915 553609 507796 500216 572039 529522 550435 701866 555134 508579 
132208 234954 168104 159949 141072 178793 141412 150491 158989 260780 
903876 787737 720453 697574 787955 667788 670663 695032 726294 726497 
190762 410673 190898 410567 190842 373743 373765 191162 191068 190782 
508353 422678 503550 349585 484322 424170 286170 426374 528273 412577 
732174 780698 560834 710588 754692 544261 780910 772909 560845 652203 
478073 495004 363045 440277 321248 442948 320347 493254 492552 496360 
469561 302442 465980 465713 259720 308289 430110 414754 471899 465648 
569353 618270 615217 665096 615031 615205 482986 485029 617990 487346 
431026 337099 425471 281475 397694 427792 431323 434804 381332 284134 
531499 505526 615838 726971 545390 535766 573344 616115 688232 535158 
681783 584193 683504 617989 508439 584934 681613 584265 690373 514333 
170056 250844 277447 198631 67520 223493 264669 200391 67744 228440 
881845 679085 689065 832698 751284 845277 779178 676254 895337 695379 
685198 707801 610338 691489 680151 548815 554149 611507 772252 679034 
59929 210611 234082 193563 181884 91884 139194 122934 188970 234367 
261434 253542 261472 363769 261482 261423 261441 365308 302990 237786 
226642 248940 223904 249838 420639 223949 250523 420442 420610 405222 
539383 579362 428999 576338 573912 392127 381134 571028 569723 461190 
646813 694722 812922 701759 571457 613503 620344 699314 713198 737211 
264839 200561 229600 215778 246268 264421 200143 220227 219599 212429 
81155 283213 88956 226771 88036 217264 240288 283734 239179 88190 
411289 260575 276419 278594 248939 271916 275062 400448 275899 274865 
238132 124026 60204 254657 220530 147707 240190 194932 41478 20536 
488993 531170 464833 614070 464854 632452 465089 580542 441293 529003 
832550 902781 738057 785416 717991 906217 819826 819561 748927 748530 
854789 869452 765435 854414 851954 851522 837395 837292 851311 833112 
225251 264123 199845 151840 223519 377174 226458 152292 151883 377175 
774266 784979 664780 703141 678783 776666 731046 727732 820363 820221 
732207 628584 682468 696870 628248 804110 795777 620702 741023 620366 
467017 441038 573025 604241 390421 610146 584334 548761 583826 583981 
525974 628090 518768 459039 562020 461208 459053 467322 459153 466912 
543244 489599 696112 669429 543154 598426 585179 663041 671651 498256 
322579 363693 381362 323743 359850 401793 502226 534018 431014 431712 
432721 215305 452256 399574 209407 376040 302256 209255 433152 257067 
408399 574324 339945 574692 553260 573177 373041 510982 342788 562172 
541680 480787 542839 338387 542543 480682 413061 377607 337995 542985 
642329 821274 754424 754293 643709 713908 644255 817228 713859 767958 
189061 30401 22111 188967 159416 215847 141815 22079 189341 23586 
511720 585141 563258 585618 597116 614740 503024 517693 682001 631251 
746979 885946 862179 840417 740841 780152 905092 797003 947304 859781 
441703 618903 645616 632116 619240 663042 579770 620275 545508 618823 
563395 631416 590050 643974 595039 551505 541996 462282 583526 634404 
579234 392077 541616 461322 533706 541537 374036 397381 519356 374554 
742030 682936 810237 795471 720199 903027 810437 763901 821077 821073 
593521 493523 562428 560407 612030 634895 560204 536508 441633 613166 
551653 578488 599514 695086 574416 694519 532001 694677 526083 525288 
389482 389588 389574 487260 461452 439764 404231 458623 490719 415766 
394894 515036 424545 431154 417848 399566 369257 512576 418195 320491 
688325 539421 562310 597862 522815 562447 526593 550916 522105 532848 
755555 755618 762624 766548 830489 836243 755369 755769 833609 834062 
669974 823865 628680 808592 735990 731030 806685 723121 806653 806918 
690396 821994 658260 658370 702980 599240 703015 690129 774622 824175 
314744 282068 475193 414761 503246 282596 486343 402116 505328 485927 
184976 91680 73927 106066 169383 225229 88564 216986 258159 242719 
810767 778216 705345 794456 644429 810739 753105 817533 604918 727955 
314716 267296 355933 275012 272540 280450 314013 367461 473548 324884 
825299 665077 693638 666219 665415 714733 774145 639721 819596 764342 
569177 536008 569419 473384 541908 379861 560749 569476 569799 385176 
771765 729635 759609 764538 836996 763774 669744 903213 759524 760476 
310091 219478 373632 254511 219836 398104 421436 253798 251682 252614 
706817 568002 781376 686836 656292 698053 680104 568036 763078 571615 
720195 874661 859679 683716 672010 681210 765782 720538 899228 866152 
160262 248890 117014 162970 165008 237223 55802 237287 231688 124893 
714134 603295 616760 725211 609078 550994 580307 646455 717958 714762 
522491 434619 617421 474848 428539 428738 466671 430202 521188 667873 
350141 179936 371375 179112 288770 288523 370054 185213 160191 160527 
825041 757635 734172 805198 873268 833831 889793 824858 878619 825014 
145774 225349 211970 85682 209779 209530 270175 205897 209790 87467 
685019 603419 719622 800283 830589 719262 718996 806121 684608 735157 
491725 441376 538196 482263 408052 308710 407961 441159 433287 308815 
425581 483630 386223 406154 522366 477152 376629 473503 291226 288815 
340226 122692 183872 332456 328032 143176 182316 230252 247600 289153 
695205 518412 628648 523836 511735 485883 682184 688874 501735 494574 
500802 573646 684206 500565 466751 529263 480545 504040 685039 484703 
801741 687731 704945 794850 706875 629539 705800 704574 813694 687256 
227118 240221 228972 127542 238805 333824 240719 226737 166882 167790 
613092 520838 592643 630943 516558 686753 534766 627847 529860 529683 
823378 668674 822458 736703 771229 775284 661243 712277 694227 687490 
257381 378118 287937 149360 261810 226499 225888 287617 176615 176263 
727336 749603 586487 582639 570217 533699 678288 587311 588623 663045 
366696 172254 136173 369381 336339 148896 333749 183717 164996 165096 
476739 537798 558468 559079 686836 560545 571615 467276 467257 467278 
195583 218107 92424 230136 265976 201698 86123 283219 240621 284578 
537222 577340 702158 676718 688541 553530 754432 685735 556944 685140 
132048 238185 230332 248291 214730 215205 208748 248660 209494 208868 
100544 208658 214670 163986 202374 103471 214888 203672 214558 162208 
893065 767151 893017 886989 893539 894084 836337 893019 923041 893285 
83070 50658 42451 238827 205082 200344 59517 94641 82132 81930 
175859 238326 265818 201540 238403 67684 219694 175435 116616 97447 
276262 197446 151001 95553 191142 72902 293631 133186 88023 89978 
910597 857647 933514 762228 730570 762346 869182 932408 796180 822791 
899530 794568 894143 778639 921120 860639 799451 725264 761481 854831 
311834 436026 273438 474603 271573 325516 297615 370456 336018 324654 
591114 629508 641891 716030 679868 590264 695399 711630 697109 776246 
247169 164824 358496 359977 272990 194174 252395 226838 148224 182827 
288554 106748 163796 153102 145853 245970 130596 106957 147091 284252 
572448 498792 529020 631884 528844 488929 434825 465579 434845 434088 
349243 342020 151821 325197 157096 391064 325821 225309 299638 231240 
543216 541940 556117 543381 345034 428435 328288 421934 479537 564732 
746396 806741 744510 744169 925160 806286 930732 925679 738796 806419 
633751 517541 458545 615904 588092 427479 532502 428917 521584 615284 
490939 484692 533445 512433 590200 493746 492017 573555 592810 485894 
267660 203382 268921 204643 164989 403935 164061 378225 400771 226518 
468432 352341 498700 480723 324674 375997 485275 352869 376336 376113 
665243 852526 852181 775967 781844 661602 664917 665822 714071 776650 
812027 985751 976993 883989 751819 836434 836823 750970 749275 844222 
44344 132915 172105 136672 60650 227610 238915 184837 44736 185915 
152002 261042 94205 133085 153264 113648 117890 115360 163012 109006 
574703 771597 724346 765033 645632 645427 659920 679013 595487 582411 
401269 316969 317117 344157 330115 367409 243330 399745 253890 318116 
278338 404691 479722 350895 338001 339348 389994 451523 389908 337664 
374238 235085 178009 341130 365254 341357 258839 291363 339908 288542 
677754 542381 512832 525916 435153 465021 666230 542487 577473 665710 
728037 696103 696234 670705 728293 690754 731239 679852 693187 782249 
216172 181669 187817 188549 207414 162557 152592 165144 218875 173002 
778640 891258 763575 763848 920165 877362 786265 900579 772262 762870 
769598 878072 961029 790278 852001 928207 815188 767215 767346 734391 
554284 485296 696385 484537 638065 564826 485461 484214 554247 638229 
554129 564823 484107 639125 604403 487694 521294 639452 602196 521632 
122031 125556 219731 169747 178212 90398 265793 201515 140608 169655 
218356 346830 146549 353094 246338 119009 188660 362849 326795 253361 
733710 715689 796825 842220 795655 795986 888105 771167 887709 840781 
560022 363473 409777 536105 464788 464820 482004 480867 351703 481219 
783787 784871 790818 746932 787530 785006 751237 731341 594319 823928 
411059 507392 586173 410905 501386 498874 516770 570906 442322 582230 
485837 450512 314358 520334 333251 481190 439202 474561 493327 424215 
403817 333749 375701 376404 375252 375322 418419 408104 431172 433221 
746628 742039 729419 636859 721140 636815 732394 698936 740617 740698 
321238 320220 157763 281895 211273 327543 211002 335295 362163 354714 
416022 435568 275443 309119 415978 352364 376707 416143 465303 276645 
670150 539697 450458 691001 488515 679863 472202 679172 489011 670056 
144522 141706 133853 135830 131834 131328 132468 132310 131172 131547 
317210 274399 195583 268131 203853 303679 286610 316837 406767 406838 
466540 304774 268007 328649 353006 286516 335090 440516 490582 333651 
343263 481547 484499 394556 486966 485933 392030 406010 301847 406157 
499770 517863 680970 545654 486387 488069 629431 691206 561351 563743 
585088 586032 682080 690110 593158 647772 690279 690027 539707 682071 
660440 772808 684576 745334 772756 618310 728758 671094 618162 735397 
513969 430818 338758 492654 336288 353616 270269 372316 490762 325589 
535802 365459 513548 356523 557488 511540 346817 448885 571224 572559 
472324 420527 532417 366551 498261 347870 371910 461765 460376 395843 
501582 449299 498834 565228 488219 401060 570190 505118 559796 615735 
628233 730694 780990 560866 594616 712045 703922 690477 706745 679864 
337995 338387 255545 325360 293549 249035 366926 296515 255100 294077 
397813 243021 287689 243850 454588 226229 243002 243306 225483 455629 
541753 645200 543040 561052 632727 561318 561022 574288 684895 503232 
678968 739369 635982 517009 515331 726457 673612 727010 630265 726268 
59796 188615 59541 134502 301926 189302 177193 130457 141856 262880 
184593 76547 231383 176863 187943 191996 68462 250501 68879 251155 
720804 599231 739161 595442 750265 683691 744160 733045 728666 728132 
211447 399365 375906 211229 400020 413580 226590 397958 400347 226525 
425011 367242 245594 350176 403420 403895 277478 374649 369125 394132 
631242 653662 600543 682082 640150 813416 640100 680014 670279 670527 
41837 210277 249202 246404 207322 207363 224301 277088 198272 210071 
842407 842706 844745 845078 746526 597128 746564 602133 838874 842918 
481631 692652 625246 522974 522897 516417 629459 500546 483683 523552 
449715 481454 633445 541882 658572 613926 432355 551153 560968 658560 
181046 316022 247451 122866 166546 226534 217420 183145 124485 233215 
841899 947978 925661 813191 942265 948212 950944 746397 926375 744170 
858237 924087 924241 865020 734657 738275 873330 731306 908416 907698 
649785 603641 731010 574112 635987 683425 795569 588219 731641 683607 
200877 172236 224936 340323 173949 161350 153507 122320 170762 123060 
518942 541966 519647 396718 562759 516249 457261 531087 520173 456300 
798897 807083 779699 786219 694972 725167 778550 696530 786728 843179 
729583 745974 771043 770561 852179 679120 832326 795317 823749 762074 
498862 499060 491137 357405 518250 425820 504273 398777 426218 517639 
832622 786664 812536 786259 647129 630783 629828 723855 669078 671332 
81731 259941 180013 135093 140578 239306 81771 266254 201976 97657 
434883 359831 328281 461973 323670 325473 338454 404068 448603 505574 
605530 595328 597778 664093 679075 659266 595624 749444 758896 663446 
68725 95834 111636 58947 225636 153594 154107 172461 226459 68616 
569106 612680 404291 420208 405515 401433 372473 575517 413252 420182 
689651 845016 698930 712226 872684 871150 845288 872233 698983 753082 
690226 657195 713281 787833 844496 868677 871655 668488 844489 844566 
178755 339444 174782 315452 126266 129561 109275 129404 248468 322362 
671725 634535 668285 670389 630679 700384 804390 678002 720081 720952 
223705 305841 242145 341450 122559 269696 205418 311910 313933 122277 
133020 359905 228832 134444 235916 371479 151309 365761 354383 326913 
703893 480467 725592 716273 656422 667851 555028 718510 554920 718886 
352540 429433 426525 361222 504293 516687 520154 503895 426905 514125 
663068 688529 762067 804844 905949 792668 844056 804447 804960 687541 
543276 593979 546152 543306 575395 608859 574871 628201 607632 493852 
521738 645334 517201 517740 645264 546966 513712 527725 421387 430109 
274018 195202 223811 209735 223928 404132 391453 209946 209842 210166 
711805 689815 698430 599740 714332 598744 701072 708851 770538 700001 
548489 424958 404470 430358 519596 465452 465798 408492 529262 531092 
719157 603457 721386 749896 684039 623224 686186 685291 635099 684906 
690421 857201 842577 799133 842061 888720 665052 883241 885874 783362 
430295 560932 548482 561301 597492 561445 542872 408628 503108 560914 
214585 283553 208463 258273 245411 170567 298727 170235 272851 194035 
416147 338569 182843 405045 288172 405073 396142 369873 284467 390646 
599035 635650 681748 781797 698195 681775 737923 632727 738315 743909 
827361 880005 836434 730428 887780 730196 730202 870831 862391 862675 
391117 342930 392744 539273 532929 542319 571979 502804 481347 431581 
215607 210552 140998 266871 202593 265622 201344 215624 94180 226397 
392761 525145 407767 546103 525205 433024 526815 392324 392306 352261 
511125 598914 634271 594138 563013 513250 620801 629449 513405 629841 
508013 597177 573650 381435 365021 387447 405843 532529 405839 555271 
690353 746918 806278 690763 806665 694254 726114 781359 726490 725318 
427896 521715 481176 453244 525198 482075 341450 464929 525743 462917 
785004 734912 780465 601289 825958 698671 669921 683770 748068 659008 
678353 712468 707081 550426 526553 691283 704349 593356 711330 730708 
376391 269142 315265 376505 224203 270289 223734 376265 318780 462845 
268243 203965 261182 249512 144872 211092 251005 147151 267491 203213 
251005 223693 241386 240997 350328 298221 309062 310402 238439 230025 
703919 658552 697661 657008 596102 618576 709708 732452 658358 629873 
941406 924920 943749 724016 965994 966989 812333 810002 803242 809508 
141493 181312 177184 158433 143837 236317 274338 195522 259489 168552 
432083 430925 472229 501428 483410 573110 622843 540498 622100 573218 
591095 420332 417981 578030 491654 504767 492304 512702 513047 513687 
393494 392979 262261 169742 171433 323980 168566 348138 169048 160984 
879361 734043 824421 777139 879234 777230 824270 862834 803435 829671 
629538 629128 704622 715091 721163 622699 686555 782395 722844 682089 
565175 580960 514096 598798 563986 732456 549738 695379 721231 562593 
809784 878395 895216 833157 932536 934087 851841 810586 851428 876815 
244274 149639 131613 150405 124840 346140 190658 183777 190648 148428 
218816 210365 380693 358076 317043 155902 376220 145290 280440 366350 
231842 171988 219962 226227 124496 75405 101352 223784 188279 224080 
296188 357874 414336 471837 401828 473066 407734 451114 407351 466537 
219487 136498 284636 287078 210522 285868 210328 256052 210418 153632 
153237 219239 125397 218249 108515 65403 126385 216703 91735 153931 
484120 597995 539840 571398 526173 598323 594418 398231 395042 424140 
546787 511441 512331 513488 723760 538849 748079 524929 595193 593559 
122564 325524 230068 314497 256331 314476 212868 239614 153396 212449 
248840 261443 228165 151206 168559 261484 295140 156982 186698 227743 
230623 151592 189184 260626 32297 33277 140593 31858 245011 158616 
725640 843694 820722 750790 795967 698661 724912 725047 690489 800707 
371269 264715 200437 264842 200564 408758 265515 201237 209990 372223 
216345 101506 255984 61101 41105 71747 58036 60382 72356 101705 
400931 310267 495794 527367 405899 478528 401250 379332 379104 405479 
63348 130858 270863 206585 210096 229728 169513 173027 130255 129132 
516489 423363 529373 480789 433862 499163 338374 392987 411328 498012 
294356 294338 399407 452976 453466 325513 412393 300504 303918 342950 
288376 187547 407482 269189 204911 289768 287491 183837 274963 196147 
840487 864010 934874 971686 984983 940996 839936 834052 877439 947327 
194586 223904 182224 223896 99826 276082 197266 224710 278184 199368 
335567 260025 249591 274361 195545 352126 357760 322234 359141 367675 
528627 543377 598790 528746 551146 703232 747994 558116 513699 712213 
741556 618593 708090 597900 776499 681783 564403 561229 739551 564186 
404551 438699 551965 551816 585566 485085 546713 483311 504516 600164 
231174 247946 373696 247529 234493 234628 220383 220404 220048 154262 
420415 424897 551404 369764 549345 521559 397726 441003 542496 397368 
531162 531626 506504 585618 651442 527019 665253 630542 493515 524297 
583956 422101 371667 480480 420414 420226 584510 449605 377030 502450 
671380 842325 743908 872550 683033 863524 737922 842007 683017 803804 
434472 440494 524450 374231 492768 491630 587435 391493 587675 491934 
551981 563376 517402 519375 503716 487369 554922 432083 517552 391650 
929821 930096 919569 759173 934023 929988 758513 930622 870659 873000 
314249 315147 370872 307450 377342 315922 377355 316026 454789 316309 
244614 289864 239307 256664 326469 292846 256927 181329 230212 294102 
528241 525054 525455 421050 506181 421770 421291 421176 421463 506541 
853324 838254 890359 859350 780659 818543 678913 854886 812414 748184 
714127 719511 812436 834874 668801 840194 700736 769693 706227 753908 
185906 168262 277284 198468 298263 298559 327778 396433 386863 259999 
396595 539678 450096 561700 390089 405491 513560 577096 539695 517928 
942782 968555 896338 967321 859621 754893 896979 967224 967964 859646 
658968 544514 511411 511403 543933 511646 628961 584437 544622 465936 
80514 170088 261225 90914 253446 160832 178962 80941 68167 239252 
724471 510813 513757 621920 542066 576028 739171 703923 523899 503482 
469664 429632 529685 600803 615554 636611 603117 514304 514133 438010 
844920 843578 721252 913129 867635 908348 781748 841563 938897 918287 
252723 245448 430118 276352 197536 225638 383902 275230 196414 396403 
845815 780895 914907 854705 722797 879170 714378 709041 698921 680458 
382095 350285 356943 393590 306489 393898 226510 231870 430655 440494 
591952 749718 529755 579004 525802 632995 662336 526103 696869 521979 
258595 138528 225800 62746 59448 245683 136495 135862 18492 18797 
150739 139143 59292 96065 21347 194897 196418 194698 242769 162541 
774760 638403 653071 713537 554767 685703 536857 548196 638603 775589 
710779 689252 682632 668550 700436 682682 562567 703533 705488 703799 
697902 753202 740777 797797 700389 694222 705200 873434 765081 723592 
367606 464448 481848 457664 529779 406695 520266 426197 425870 432752 
527024 616801 501752 634085 531081 493753 631282 712821 687999 511192 
477686 372390 442943 511222 438635 354482 475025 302430 477727 275337 
307240 317852 182667 307783 338419 183767 226547 185210 225736 338201 
70378 271328 192512 275775 196959 49067 221226 276283 197467 222380 
731365 864090 836726 857782 671798 671842 681619 669708 844032 704246 
756268 852088 805383 784148 663185 744437 764544 691547 680868 835326 
113121 267361 203083 228218 143398 219780 112736 239307 98063 228050 
664399 565555 527624 617489 617515 562721 594694 663448 594469 663590 
845298 891733 989245 878185 843244 886016 843328 885981 765269 868003 
201083 208943 231461 173451 231285 214911 125133 269611 205333 209204 
500972 399130 415409 399424 511091 415103 391431 491899 392652 410147 
194193 194504 197507 62150 61367 60280 183026 71696 249454 182704 
208717 357996 316390 247205 214790 365733 390809 400426 391041 290369 
828273 730781 792706 778142 786668 659322 660853 659541 724777 724866 
533551 710548 603386 610550 514361 601485 600189 599079 633158 577815 
594746 798696 678913 618198 703130 703364 600022 749261 746020 703276 
848884 647180 824716 851725 772464 840651 809893 851825 774225 848980 
497210 518633 327479 498536 514307 490760 391736 476722 433279 363954 
723982 864648 833442 799407 693879 833757 809749 910292 826043 853737 
365963 415202 365554 368234 307714 299731 243142 323454 308366 245694 
163569 341289 135934 257771 344829 357806 329675 328930 335240 140425 
242617 202503 242665 125778 234659 68701 204977 98050 97425 21033 
513813 564162 546467 680451 512136 512000 563997 560907 564079 562068 
733777 738044 895080 754845 743290 753986 894977 750124 754067 894981 
241378 390193 258230 245618 255274 174839 391862 173506 255497 256360 
473502 502705 591252 453320 494832 557078 597493 495123 486939 558278 
782459 620401 628239 722936 595648 797239 695588 728852 710520 630843 
595645 594616 735715 623109 795318 594095 596304 795136 735226 623902 
501026 460606 457871 516082 467841 501280 534748 407667 407768 600194 
133296 223237 132800 139787 135053 133652 146707 174260 258698 187541 
702906 599291 547945 703104 708338 544007 599262 547579 706585 704742 
746601 683849 664412 678120 548431 549893 600009 562570 723287 610737 
529140 549435 566494 521822 529394 596762 678944 474625 474583 471130 
903596 859495 802119 765430 951728 806561 927724 929518 831618 929589 
364678 398052 272270 419808 396898 377581 391251 377767 434847 435485 
692984 896324 877916 718654 765049 845675 726850 937831 718835 693070 
230346 396560 294764 336154 220674 405846 336031 296525 294895 218962 
694748 755136 571162 694655 740739 704050 738980 636918 747614 694771 
374073 450620 411191 335708 398952 376863 343534 412870 405145 506947 
23370 181291 70160 182062 206843 17526 203754 181116 15915 70773 
196523 142910 96486 96988 168458 168505 65125 201567 39997 198868 
279897 127287 280258 79669 132035 77742 292484 151187 180007 292853 
567874 567752 501910 501141 567774 546066 567777 719189 525796 638079 
315967 187597 187595 350503 170460 156701 305112 352685 321455 151269 
301479 190528 306380 323752 379203 337119 363378 321583 190534 365267 
295657 366067 279238 261892 181012 278698 391749 366335 367441 366433 
634754 578855 515509 452986 503785 469573 629224 505867 635064 529929 
790176 658484 613117 612628 666239 846051 689883 632112 682527 769307 
297933 363373 282550 321547 338641 352970 283306 240918 261503 354128 
699961 639513 623888 582215 547146 626099 785839 564298 711125 603722 
883032 786374 955497 783334 787961 748169 788247 719164 784543 898299 
122117 174922 59525 122015 88234 153372 159022 85441 88232 170267 
515896 699174 713376 621815 646206 525278 630845 751478 709344 617534 
641698 841761 670938 702574 804045 702863 641140 788562 697873 833133 
131022 64260 231053 65043 65821 231519 218019 216984 133154 224648 
715948 696001 492776 659156 616014 692296 614516 540543 699721 614525 
146276 188093 58687 261949 104751 233380 75089 179487 188639 118519 
831159 748413 878709 827250 737321 902732 880607 827846 750968 799650 
385881 375236 373722 373718 374373 469436 469386 544832 544599 373737 
453822 419002 437072 334457 298081 360831 369067 424750 369942 372234 
676947 834178 759416 830326 761867 836323 833209 673445 863076 833735 
648851 703076 651054 652679 703044 656395 766400 649137 603972 650615 
632710 482893 623279 561476 635016 405384 495909 512314 511797 588770 
794342 789494 743991 758855 725783 800820 578264 610982 610311 630477 
389102 494052 423029 444339 489189 497902 490091 443711 494120 490709 
752791 892214 722407 650461 718606 794975 781202 761781 650938 646776 
554379 439639 359444 341192 332455 330692 332480 395670 534079 347488 
584624 504333 491423 488641 528249 527610 602087 488209 517291 540819 
630580 681147 538170 546311 597331 585438 659454 533625 691115 630166 
783360 873902 914896 838529 746903 936311 868902 691959 693009 818617 
82272 228618 121995 111801 104858 110892 122083 157182 122003 156334 
403231 374851 274759 239091 229325 297638 446658 220371 404825 370561 
501955 516925 473867 529266 406620 472808 516952 518921 471622 517105 
207965 215735 191348 113466 100488 89419 113525 218223 216329 207913 
381639 443589 315037 314165 320359 369905 369515 221018 212524 382507 
566199 621508 656184 693304 577252 699129 564743 567449 496176 697511 
366083 292747 423138 386405 248295 427797 386249 431016 285556 365610 
508870 466903 533791 525282 497650 581053 549266 453555 436049 470373 
216102 211114 24171 191082 207063 191055 101577 43121 207134 43021 
704586 669304 620482 645544 593106 483856 540941 668255 519002 544040 
803986 693894 658850 716000 607065 645164 607947 740359 677834 715386 
306069 271618 192802 338430 247641 263872 385512 385532 364372 432324 
617169 512515 371177 409515 416310 491776 425866 371922 491192 537292 
935044 749096 741184 899908 717642 805568 935591 897920 915536 790439 
906689 914316 912632 735842 795692 735679 850630 850933 747161 852872 
304236 301447 435615 298151 439559 300472 236413 235830 270429 296132 
613252 747154 691711 705100 696603 752165 724587 510949 614060 612333 
337089 293149 313033 326911 291560 265567 201289 347258 316251 413902 
547506 662336 662723 431204 450755 529117 472304 436066 575399 652973 
898649 715233 662025 661408 690090 879583 689927 662520 689987 764312 
964122 803002 918042 917801 910588 960396 803213 959822 858771 858703 
696460 735826 684127 708804 689815 826350 821946 700013 845152 771519 
903420 671257 843943 786901 706571 874004 679924 726077 682975 680953 
599666 500231 582147 435670 451272 503915 506435 550692 503354 599690 
544597 476148 477435 480079 478586 477124 478204 478663 476269 478632 
742168 724896 819386 803630 635392 607817 819656 730278 619877 700863 
694616 617502 817453 595753 726601 662272 661217 781489 723539 694724 
190992 216962 190875 190915 190708 229757 217498 190678 142729 142179 
449821 374580 429178 423658 418781 421091 473868 418848 478240 473797 
764693 896802 665928 678643 724649 897377 684136 708865 790838 811500 
426858 350966 427252 405117 494076 427345 390006 497743 529332 468097 
643180 446097 444518 446582 444101 448956 448812 542949 642792 535850 
509759 559487 493423 489303 630431 519852 580921 697991 546674 609478 
759793 934180 801167 773310 849374 932894 773208 727143 707303 927764 
375622 250666 375157 221346 363288 360435 361363 349263 346153 346457 
894447 933900 751534 860392 956257 917615 868556 752268 789605 799504 
95952 97469 77804 284885 95351 149619 96850 165954 96773 258945 
448214 447276 447896 444885 429501 448016 447543 468998 446488 447147 
215986 224453 63856 78763 218249 16288 62998 63479 100697 100789 
388404 294466 348453 346955 310237 400067 356217 388362 294238 459903 
378574 420059 547303 380242 417699 538044 548397 387605 527441 527473 
851408 808908 797711 924958 807308 771406 952593 927713 771593 890871 
446593 447184 446055 447428 445999 447722 424073 447156 447883 424248 
595343 541813 681857 682107 560738 562240 668360 560358 562158 708924 
834705 863713 853174 848626 798543 833641 852174 864268 831609 704472 
406378 280542 283114 350979 321547 293452 294107 338796 451896 281725 
468434 458196 488479 502869 523046 528147 508937 525923 546243 600512 
584834 525925 524926 467976 502433 600511 522852 573690 639621 639578 
815456 815325 815650 957854 944488 795343 929860 740468 903656 821951 
763386 794320 725793 860338 763447 724802 808995 906353 728547 805069 
412998 405581 404545 361254 473463 440324 342808 468094 405333 480256 
806187 809246 658255 799280 772761 784931 684156 738465 736403 723372 
733594 716543 806379 833302 777069 733415 771514 777057 742879 742747 
658130 564082 535225 535022 550337 658158 535012 640173 528614 658137 
857502 824565 878749 849627 895427 735930 745962 767194 840387 753545 
113966 125547 231049 140479 179450 252436 255889 314981 125446 132744 
200033 237315 262650 214965 261753 340023 212452 135789 339483 237628 
305980 334617 430190 279412 391064 305319 385013 402381 262283 403065 
836108 837103 841656 776949 840888 813789 799745 713356 674361 690813 
94907 138472 170381 170237 188642 101425 181037 168607 122100 122006 
684137 715746 664245 777150 790821 790989 575660 780054 588335 773588 
193683 239983 150286 172684 115632 169628 179865 142511 156890 118203 
525338 514846 523269 691303 566292 698222 639813 482791 504600 523537 
529684 732196 719160 690220 698615 682544 534724 547503 523455 534741 
227415 311326 280472 248072 237064 227768 170225 305516 103520 103620 
827402 762964 775055 972590 942770 774668 774763 772652 778539 773364 
408403 180707 326663 329436 311855 302248 338890 183022 312203 339826 
173669 82694 106913 100942 71900 125635 156899 45299 125090 107229 
481176 376046 487568 454063 505370 525743 459567 459623 464929 460725 
613699 553127 554158 614438 543533 553318 553117 542108 553482 482908 
527805 576361 649225 530907 502876 705298 509477 563421 708348 544095 
129847 309896 124202 136846 134202 288675 153360 261623 128585 154044 
703259 689415 511516 707752 703413 577831 521653 511343 623554 553043 
370234 182672 384647 189443 189845 370085 390168 244113 168536 398661 
754759 834921 775725 858845 772353 715408 759717 760576 718234 718475 
797812 750847 726700 797224 749969 766000 799224 694616 723615 751220 
128905 150171 33318 233697 48790 65110 194545 184593 173010 70761 
330623 301516 338762 191680 436744 219981 255268 328287 328297 256402 
164542 169878 188477 181203 274180 195364 281971 301533 181579 295381 
629455 677501 675816 629902 652218 829322 630096 783958 783144 783652 
454513 645519 629701 510672 605336 538316 621950 583038 616247 616124 
154411 310009 181425 145807 189702 110311 259385 255871 266316 202038 
436311 478757 366404 309404 533584 482839 389955 371510 307019 533371 
156268 156956 170267 170379 252194 177057 170595 127107 177249 155138 
67768 214161 277306 198490 59852 106599 277023 198207 60613 61077 
275286 196470 269572 205294 187344 269300 205022 227528 189904 233505 
475838 531362 536832 601045 400954 406902 600881 397563 600886 400937 
604737 465785 577212 591650 650414 469391 661366 604942 657903 450055 
164694 244340 179157 108473 163097 300624 187799 187831 148962 263339 
587451 556493 753158 606123 717803 602258 627160 571238 662086 555894 
777308 611487 588386 788593 613588 656626 621239 671241 656766 627172 
780087 607994 604012 638040 735171 652169 833401 662709 738661 617638 
196858 334834 240755 378199 181744 378881 259567 131659 180196 131965 
634702 632239 636194 509233 632354 411807 416541 636032 457879 452099 
452063 441057 593662 533540 578409 577083 522893 584064 480550 463916 
838728 772320 772690 743728 729173 651962 669377 715006 773463 775014 
71297 223298 209889 268967 204689 314076 151430 268116 203838 209201 
760865 604404 594556 599927 539745 766529 542012 594469 684063 729009 
188791 177729 177581 170267 128795 156268 181773 336731 185837 169681 
193693 225301 385783 272760 193944 227126 207699 226136 225401 207664 
200401 260306 311025 279176 310195 253197 306444 278898 305995 306158 
703435 541577 541600 617859 543589 541866 542170 543844 541945 541617 
177944 251958 186316 40191 247524 246957 211750 241771 30209 250718 
826924 826673 893174 991406 987513 972258 889168 987314 821796 826300 
324696 473862 238266 471546 350474 343912 412148 445545 278670 446209 
479080 443193 479595 409010 552982 389021 349907 535863 508880 553744 
484011 691292 664751 535540 529105 535794 535560 516637 528880 528899 
561088 443152 594377 572116 547025 539292 545061 446030 446092 446607 
272143 193327 237776 222084 411301 310405 169125 341020 323497 287515 
196602 180989 182747 363708 398549 245668 321653 271400 192584 300526 
469861 281090 326484 278703 497763 474462 365261 498426 450460 499476 
418109 400259 439434 243219 272485 352141 379502 336671 379729 350498 
736403 663442 804990 566421 809246 729926 677976 571417 611520 612423 
904556 895471 898484 824355 827332 889424 678707 894367 702348 830073 
394974 595059 434167 585354 604821 425933 393654 415215 587744 522905 
411181 462076 413392 462163 493388 365198 394602 488642 509261 488532 
863081 735807 880326 781402 819615 869449 811736 865676 836105 864481 
451486 456547 463494 456152 414835 440147 637051 436086 437496 439278 
474696 476548 413206 398133 537944 477973 562186 386031 344531 402031 
843586 758172 857787 835846 812412 849366 723550 934106 761223 795211 
704293 563487 686443 668629 580335 464722 509077 670541 569933 634692 
533945 453464 373672 510179 518620 455762 404364 541819 491906 491664 
461319 284596 385130 390910 281757 265301 339457 392830 393036 393678 
429354 285190 286322 284061 317979 416718 515192 513613 435196 515477 
343295 275621 405884 272548 430045 430107 274224 275454 278550 277447 
765800 752022 748792 766319 758841 778711 711436 757664 761336 821536 
854099 913838 868482 914307 836442 950886 854957 867653 830154 831856 
162832 238959 65607 187371 46423 181067 210045 124123 143690 162704 
735962 719038 687655 489777 505067 559209 718940 670908 668657 579950 
512993 458959 410019 458743 576882 427690 510250 428124 607219 415468 
752153 745119 883989 871859 950737 750032 945132 865470 865372 866018 
478213 558796 417131 608404 608528 552707 472486 478848 640830 478776 
102496 140835 216939 103355 213065 222691 216240 207053 112499 216768 
674449 640096 672929 571921 558595 674103 546656 543203 681581 546743 
899668 887252 768039 768052 823573 878340 768066 823616 886995 835494 
215775 216754 207675 191352 215793 216520 189667 171422 171518 216547 
445917 496863 447383 446619 445976 446277 447861 421054 424726 442760 
391046 441672 379036 410527 411890 409243 290647 379270 423739 442435 
571609 559142 423576 558520 558416 552552 411945 552798 557274 639940 
480164 478410 476775 478615 477124 476148 477435 478204 480079 476269 
443253 418489 412896 466239 416774 418536 379007 378668 378852 386528 
446801 447666 448024 448138 446878 447457 447884 448015 448121 448272 
559163 512292 543838 512857 559266 667534 559492 512740 513202 541515 
559101 512858 667539 512718 512415 559355 559491 559379 512544 559162 
380658 569062 571011 571150 380349 568954 448974 449098 568816 448954 
616262 759149 642800 643909 643191 643512 757985 757949 825018 825093 
421082 442331 384241 424747 421495 388454 423582 423558 423721 423637 
510270 458019 364467 430026 443265 335882 429960 363952 363565 334697 
354341 559155 448102 540819 540828 476979 477375 478364 478252 478104 
568737 567621 537697 568451 635494 743812 734417 758327 614232 638904 
908166 718524 814594 870304 794763 794213 890275 901590 900746 754021 
250621 235852 296702 250839 141576 298866 296014 271940 193124 250640 
347194 285410 415871 282501 301594 286291 238412 308236 310033 229205 
60870 103816 225557 257692 207768 66370 210887 210493 210442 226258 
667715 757272 721466 561104 740531 540568 668982 746439 579563 540571 
429344 566277 351297 536004 429366 536153 572037 475021 427522 448530 
173401 174317 82439 78854 95097 54109 96537 40882 53886 193962 
257895 232385 243489 298811 324962 232602 243134 275877 197061 253531 
592779 754176 731550 723803 520071 752016 664602 730534 732201 661651 
568509 542243 568912 730470 753357 637794 569118 699681 718282 717671 
408297 392742 402249 402719 393391 398685 401712 398122 397941 401772 
216003 211667 211828 211760 217395 191063 216466 222586 191057 191139 
39067 191172 41125 216487 38106 216771 37726 38186 41164 37802 
539626 607184 442360 603485 574281 603635 540391 539650 422837 606956 
113037 247238 191228 296728 56439 207952 104344 255868 247044 246886 
473352 475350 530762 471398 378695 530423 472398 470883 472383 473932 
38253 54190 216608 188864 189131 237307 228962 237031 237186 188840 
615717 653609 452957 615252 474880 653491 470883 475350 475012 653029 
211739 99398 99849 6559 217201 216048 217374 217395 24829 217411 
848706 884225 708962 889638 772289 845749 848413 845422 708902 845425 
375167 424198 424651 349008 424612 558900 424420 448151 375756 374360 
600807 787810 649326 664326 787638 617894 617867 617865 684656 684465 
656776 657045 568006 654573 537376 616263 656740 642305 656132 656332 
754041 665452 665553 809071 754267 630326 694362 661522 631294 694156 
435179 630832 490181 489980 440156 579768 441554 531928 582012 645831 
781638 763036 582246 648760 612514 729561 710244 648579 710421 751856 
347557 366435 559884 506585 350562 431275 497530 492023 364967 467437 
300524 190711 303868 290099 190438 169564 217835 217649 165335 164450 
204156 248533 120440 248974 116455 158990 115798 150092 249555 119279 
232473 262029 151766 168460 264328 200050 307008 306919 230197 237418 
539774 433060 539883 566976 541896 586329 541911 484707 446425 447798 
921095 786913 903860 831621 825422 778467 814053 853132 920076 920638 
179030 244098 311590 255060 139609 254697 252582 123535 123155 179114 
416618 593526 473564 411378 632814 537440 614431 421064 635485 556173 
429916 546799 420470 560515 359432 560257 388901 529775 448679 530742 
181568 91778 254913 64533 112809 87422 103778 134978 139170 112621 
228571 417759 363806 417254 260259 261320 364612 253711 417205 363585 
671364 643877 557651 473661 442671 588693 571830 603631 442758 442910 
827032 850156 902887 699165 903768 877373 768130 907215 877421 899799 
725934 552165 687485 523356 625224 525102 523751 552424 698987 525276 
636365 686794 717642 631092 579198 630696 659335 580614 701468 702286 
891552 770414 892813 895220 754973 814181 895177 746813 771328 746492 
678062 519250 524366 618632 695334 754759 577992 555565 703185 710265 
216015 448884 449379 448729 254665 215857 448760 215783 215888 215932 
534489 411892 557583 572264 538514 534745 410272 434276 640589 642139 
581788 531868 483461 541196 555981 592474 572150 417703 604703 660029 
667568 667493 559051 644087 559284 644891 645030 559419 580196 559293 
677966 754912 625295 760179 765046 654492 603050 653697 645133 645242 
607949 714618 695796 513408 560780 714049 717164 562231 717278 551442 
852086 901691 901804 852849 852805 695903 893001 718969 901328 893089 
513145 553368 531299 560859 532467 680652 652009 531998 507472 631974 
378481 388182 185817 249153 217725 207241 213594 155358 207339 218750 
921571 756635 920023 809155 906149 924106 735002 756494 808898 924023 
417282 504201 613694 497609 451142 505887 395844 383558 500052 456938 
838206 825547 823644 768388 785593 852532 869283 791690 791150 770018 
717542 663612 714416 761920 736822 715988 792856 761917 736715 642049 
877845 780785 735050 809654 904898 734980 793295 879581 916459 917048 
576346 576549 648595 656641 540358 578317 541996 540403 540370 540362 
145380 148062 147576 152019 287451 307532 289006 189607 151741 207767 
443582 325869 374410 374620 375409 375703 327015 272137 374668 398344 
746047 672335 658205 771948 771945 663519 658268 658327 663017 658501 
302011 151225 142000 363452 141828 276372 197556 188283 321845 221671 
896836 898060 870166 667757 689981 842126 879698 879703 690201 732345 
351963 407273 417119 417108 328701 397186 330210 367839 364284 416067 
458039 502362 452574 458126 415470 569330 547255 471046 458556 472746 
790861 671204 719251 605305 720800 606753 606865 791002 634574 698937 
476854 573517 476862 477226 470850 683074 473791 473549 502305 502245 
244546 216456 211084 325750 277514 198698 250060 249004 340887 189868 
689259 717629 905727 755629 835071 905485 814915 791873 796772 796764 
216121 351309 422513 422550 232279 427119 422881 422761 337011 422583 
506042 457099 529984 468443 587971 524855 560544 524765 524790 487421 
204956 225139 115287 102017 251352 183895 234208 233333 263407 212706 
604564 539251 585804 419475 544087 453017 574123 529728 530264 535537 
518498 518446 449937 569481 516714 450185 496655 496649 496652 516684 
132124 188257 188262 98857 151667 261960 151569 64503 283693 284424 
452348 520043 452003 540775 522792 540812 524715 520499 467281 437385 
294845 210919 222010 142204 336141 156539 141217 262665 248734 295124 
300709 220791 396468 420583 314859 272078 193262 338093 299130 382449 
612228 461808 545429 462320 392226 633324 584465 545293 463397 400339 
646609 777787 547204 596093 610192 603517 700225 555957 594475 761627 
524650 499158 493290 524223 524339 638839 664445 550047 535624 514967 
504952 506361 541046 573647 419737 517743 521858 426618 384651 601258 
945495 962450 939620 792317 953669 762669 866599 948711 753231 788179 
569480 662640 467386 662648 670966 458080 662613 498439 632660 524713 
415348 588180 579287 429020 586554 593619 415243 582083 580823 427636 
479033 688021 601099 478529 489175 538488 477334 517762 511379 601298 
323768 142436 273361 194545 129559 110340 233697 266795 202517 245152 
300510 460971 465717 336252 379858 473058 309719 420945 492259 397014 
520361 531234 371611 392920 491151 550172 460479 438716 489355 489466 
398990 510656 615890 516603 510710 549134 454031 450510 614531 460819 
403306 183672 382835 372176 231710 404294 285509 264890 200612 231189 
311444 270526 310021 337374 432565 298336 498343 272874 328528 499332 
406615 298058 467646 459205 455625 308216 459121 323773 469802 459551 
445550 446341 445715 446625 446300 445737 446839 445915 447493 423170 
885636 933884 935870 947665 934001 917543 776443 942850 878551 950904 
876754 927227 873025 746647 936719 871352 899330 809503 821596 809732 
681183 602062 687679 779345 727173 601751 724295 801318 596104 635618 
158593 173711 246965 374628 327525 299375 272346 193530 184365 183251 
291427 273763 194947 82784 85843 279385 101313 101291 261263 79835 
559591 720361 626313 481351 525578 478430 491463 710801 717044 663720 
685086 585559 617577 617491 602126 691749 743762 617299 602222 506733 
400782 364775 397145 382637 436275 370642 437263 383431 368957 436304 
609971 554785 709929 673898 718184 590823 717633 717820 573739 722398 
399021 328340 377893 322732 465571 402308 528124 435307 302113 304021 
181022 337494 250686 324161 169645 175630 148272 208914 147458 175479 
581535 630609 578461 557834 637646 537911 521172 695905 619317 621552 
566280 600018 714447 667553 637201 667591 715842 561833 602453 717486 
399722 502718 502390 269248 270121 466905 449474 437108 399066 437419 
47469 82237 99796 140684 286901 44376 89774 83927 87019 84264 
694361 737078 659005 718013 780373 677253 780160 780213 827384 822137 
964207 735210 798730 835231 841913 752906 918554 952941 773741 773613 
599056 484169 391999 590596 459357 586036 504965 501688 507150 481230 
828906 726037 692434 829171 771405 669695 666520 691110 771199 698693 
423100 337816 310258 338383 421049 502434 423132 381200 422749 440358 
501872 365338 527940 385470 338590 363539 430642 386255 337744 448751 
787002 603072 602471 770545 702495 688418 747090 702394 743689 714681 
251004 207768 309753 210493 210442 80788 191092 124927 226978 122704 
470180 377916 373381 267144 411191 268674 369381 404826 473072 403230 
875942 798764 712714 847266 906743 800778 764381 708236 708538 811106 
282638 459481 410302 300620 408473 461726 247570 410317 411786 247482 
398924 481481 461222 277476 423641 276081 278183 274059 274671 330731 
352321 402541 486552 475176 498682 254969 428882 288580 448229 429325 
587918 453040 600910 544794 452571 569678 574743 585214 588230 585636 
883674 791365 844161 839151 883364 844326 855073 864860 868266 863703 
477070 477092 478560 535455 535438 477019 412161 535461 476766 480202 
609803 540911 738999 639875 609990 781040 602174 609699 780861 639935 
215723 286753 51496 101829 101797 102202 51448 215568 190449 252517 
905004 907424 791033 791034 776982 905091 905032 886062 885935 905093 
213593 309477 124372 330805 124210 218104 96806 94884 95223 217881 
412838 417818 383427 257903 359432 247893 345081 289779 346543 289684 
151986 268662 204384 225741 209153 71194 54880 208740 83075 183571 
211228 152270 151598 367636 364446 338927 130845 341293 324978 178545 
138162 254513 228644 290146 227674 285713 219131 239011 219163 147296 
435453 638513 622652 493741 462119 463348 629711 620341 515505 585603 
206993 215911 423662 423149 207069 217178 423726 424247 207048 207102 
692750 703728 588897 602437 551753 584056 694286 588340 727795 729574 
487399 520721 525794 525503 489511 350968 305000 487435 426705 487831 
602417 609042 497188 458544 497803 608983 497752 608178 503179 607607 
631094 781612 617913 820322 662468 830964 747173 659852 617876 749614 
895872 870114 781393 877296 879537 707549 845260 843423 877507 884449 
661979 765701 796592 638513 719367 723069 620763 723255 723030 691906 
476174 407547 329750 477062 407763 540670 400367 440848 477432 407692 
603785 417945 454173 448696 418560 546021 618105 488940 602687 448577 
410020 224593 443365 444974 443162 278183 224926 443310 443346 268964 
687541 613106 574816 636216 705232 577754 688451 632945 722592 751994 
758224 648252 541369 714807 570201 609792 646663 569142 650382 646279 
690421 736065 851386 843042 732690 842903 696633 807384 843696 732452 
364920 305082 307618 212614 228036 307314 397126 324366 238671 305698 
929531 871695 729215 879587 873011 873531 818300 794672 753581 753679 
368950 223455 246439 349048 335198 260242 371592 223085 147688 255364 
472048 472662 474664 615603 603491 570519 663239 428043 609509 541314 
274176 195360 172772 396264 406967 304492 214599 275281 196465 298819 
179545 186127 180109 160129 181810 162645 163480 289833 361923 177385 
672100 865138 752013 679063 681220 866811 751211 855678 840783 751776 
351043 337243 321943 187771 389813 363379 295270 363421 304999 363372 
459904 368440 380203 600072 433012 547807 435275 385284 608409 606739 
722092 807526 682758 687904 693660 699678 799806 811172 810447 800125 
787253 811422 693127 700284 812421 823658 812623 707232 650543 693046 
746072 858267 908870 745436 729026 892324 927922 765438 849717 849654 
269228 204950 163160 343588 267996 203718 341215 208200 337880 339137 
411786 543489 410241 476974 411897 521170 625537 410247 415646 494746 
399713 453780 290708 460904 290619 382634 453639 460597 402871 387717 
694428 560665 614760 599946 619482 730918 595901 497170 619666 497327 
469194 410258 417145 475675 410941 258625 303505 302310 469300 410881 
629398 634122 495121 518710 494838 520978 500218 517652 518477 517041 
708875 850638 889396 806593 910939 887057 910969 820849 806446 769776 
314589 441325 287976 451370 375320 285904 412415 375244 285046 419270 
129704 212658 218620 282200 277583 198767 282271 300811 157153 281490 
669871 572839 554753 669873 482630 684392 555290 667767 669848 572875 
471489 471510 470963 472455 471561 472874 471747 472679 471889 472543 
512566 595260 594136 681633 561545 604573 670710 546730 680047 546926 
82880 75566 83196 82410 271119 206841 268628 204350 269758 205480 
374927 379572 445521 553038 406117 536073 357906 533039 519008 444598 
643117 771637 705122 795381 705501 795647 698579 614870 614908 854738 
216425 216462 378993 411569 419616 255640 309611 285466 410742 375894 
453883 413940 424076 446447 321731 411954 415675 414881 455049 216801 
847264 754099 899479 722225 899940 762656 868379 867642 868335 734218 
60825 204866 207146 100681 207587 191389 191404 207618 13183 15266 
836682 718737 620718 689259 643956 656365 664029 645036 644663 664794 
651967 621086 604365 480027 604021 600591 508286 476335 538219 637321 
819529 815314 815279 814663 636835 814033 815492 818476 815379 636836 
124936 82502 300010 82811 79089 151282 68335 279892 280458 111921 
271517 246580 281764 367185 385891 322081 294582 440897 380969 280869 
942682 831877 829845 806138 782203 994751 822270 815040 806101 771924 
462917 378552 350433 471555 496509 558368 536725 525711 517136 525428 
687101 692115 730279 658728 659070 772370 702934 638056 638084 638086 
514583 520415 492227 617739 517043 460191 540719 434195 516006 548420 
238172 226095 208003 267657 203379 224221 352355 227084 209605 339087 
220566 95819 282261 215078 261521 294403 292204 280898 69125 70214 
663399 734329 658422 636644 717293 636494 628590 683410 658546 749703 
905104 823506 808840 828825 923439 903059 937187 923803 932784 764827 
906570 910877 828351 910703 789169 910128 905062 768176 682434 804473 
541787 514114 706588 541921 596590 670975 564078 547569 604346 736065 
842250 843566 842157 842123 809095 879989 881921 680051 868731 899198 
785307 842144 696195 722747 800967 747643 899050 871035 918121 851758 
893417 768504 780080 816720 714213 887589 719456 715202 787912 719299 
322904 490415 486406 384696 430667 501403 432669 338724 431331 307683 
772192 822706 822882 699436 749482 738483 662670 857474 713865 719102 
727909 924039 839034 809542 823681 745851 955381 749924 849790 862548 
264689 200411 391885 258810 261103 188899 175945 257110 176668 176134 
512371 348395 358435 428646 429617 501518 389905 574173 478684 502218 
391347 274044 195228 391145 242751 305333 403007 282216 284176 382755 
663900 840896 746863 693848 727213 695385 792706 747321 712800 680078 
823444 845145 668173 832339 847784 690014 842555 879707 842325 662468 
744387 798412 697700 725924 740512 806376 615309 748085 740703 615190 
681270 663173 700843 708903 709020 525619 658631 689815 502975 689837 
635988 458808 596247 595004 535565 519464 458863 519429 519128 416419 
524920 691415 637235 615105 732365 521858 684499 524700 525065 525423 
249422 161092 283763 94260 314021 294729 235039 293180 293880 293542 
385761 393315 390639 507007 325360 308167 328029 334413 506500 393923 
141497 21949 133979 61464 60251 60704 60859 70299 69812 69401 
678615 451895 583814 690552 524697 620751 524962 690102 529888 520761 
350618 235429 342254 295621 188527 249731 337243 292090 229169 122322 
687585 868041 745272 808096 867915 687786 699631 877803 637703 687084 
627872 772118 690651 646063 705721 704589 598691 646107 647176 647023 
250967 90046 113949 62231 281813 229558 279118 279328 223968 71185 
606454 738890 636094 603413 606851 780198 780284 716754 799711 709947 
766509 659363 623998 811029 657906 824914 813019 610802 751465 730006 
388778 553446 526050 537046 563991 499774 533424 344993 533127 346247 
306322 294994 122680 282821 306961 95213 232530 281790 296028 112067 
184369 145088 184008 184761 31577 31717 112636 245027 112477 206777 
420338 190413 321653 211585 262572 276256 197440 330425 386386 394883 
454448 464843 448471 417142 550353 448468 417093 551017 464841 448396 
269072 255333 263201 404296 324562 264831 235734 396684 322965 260656 
684492 822141 867470 722721 818370 829342 749717 871465 789430 629477 
128912 336897 174720 214754 324600 179677 179198 346594 121915 135598 
915019 730788 956056 723636 728487 965388 821389 743124 766785 750954 
903658 977657 797032 977891 871892 964168 943451 834928 930257 899240 
466571 424581 273026 323142 254022 271723 466567 472761 296853 315795 
279932 279447 357531 279277 279505 343012 415953 379354 379216 372337 
391239 377489 391692 394702 549889 430552 580533 487021 390756 548530 
963395 978710 971013 799944 822477 803858 870223 874111 870883 870133 
514964 382889 453642 503106 454087 382388 412637 459096 502627 452352 
435280 597511 489728 436241 573320 598518 548595 537284 455373 465943 
559472 512165 693597 639081 688079 560785 693728 676693 683506 684750 
37965 261537 183787 98333 175056 260417 261550 279285 70555 70621 
196234 279041 323926 315410 151396 242109 297119 177365 299754 296084 
165444 69659 16440 227858 60470 228441 81774 59155 141201 140632 
300991 281098 157947 154180 187554 109137 300155 122877 324144 312198 
497039 496904 510448 469316 500301 524832 521917 521961 552598 528018 
771953 796172 727281 834499 726298 726471 887098 880701 702898 795394 
100380 100134 110797 73411 174424 127588 156006 164816 69564 69053 
345052 239551 302016 343913 241684 312382 128820 276802 197986 317730 
524303 455010 485619 481560 460078 398053 453270 453855 398205 401739 
309476 127498 280178 110100 110497 147298 339323 156568 297974 228591 
339594 409991 342056 337829 342628 278835 306844 351756 278938 258072 
180574 278962 190786 86798 79742 292147 190610 190933 313838 157491 
554412 598583 560298 628525 573097 681308 698195 573729 526081 680055 
629622 690852 719242 738422 702913 550583 686281 673561 547606 748318 
465584 506780 483590 399549 542169 398207 539469 399140 481269 336429 
753263 586750 679578 632567 705102 635661 679057 687762 775717 790499 
661705 762295 661122 662029 781794 683461 748922 694003 748548 694164 
840743 769039 872204 769401 983264 813037 982690 808995 841708 809232 
893989 741736 927318 792210 876720 791774 823018 791310 703917 822648 
60118 44448 60899 60272 62770 116647 59819 70942 60650 70784 
809255 689937 719868 819196 808612 820415 694681 736908 820127 804072 
314939 234690 391424 210384 335823 260179 285012 389771 331730 288440 
311657 372146 372396 224373 372154 275235 382582 209608 265166 382052 
295084 231829 435764 234374 295370 220497 290805 379772 276148 285978 
694470 695078 772589 659395 628236 797983 695914 781139 574815 678893 
183790 299807 225772 124335 330139 312288 303704 301287 176583 174301 
788241 694428 693918 822257 845168 787763 807036 663254 721641 663052 
495266 364675 500886 410055 508060 364320 428582 352540 410043 408928 
728036 577893 721089 705617 681050 798601 589699 722683 753271 763769 
380840 489471 325646 387587 381780 328593 382879 505227 449806 320516 
700995 810734 678892 658204 679411 706396 704080 791181 715192 665524 
509886 625141 501817 681221 703087 583922 657799 638554 653999 679987 
678735 633119 808828 658254 804490 658263 608349 658372 825667 763043 
410119 371197 354484 514631 393393 369234 437259 408895 410029 335454 
472582 471531 481505 318791 486022 392520 278177 439070 498512 386389 
619051 679773 707287 678156 618438 678947 779318 785982 750208 841304 
259093 342162 166451 396627 264953 200675 277454 198638 400237 179611 
385108 376851 550949 500284 547561 409947 437599 556156 555854 557207 
557091 596091 697426 759783 761100 754346 565577 697087 593066 696388 
633315 763787 679142 577407 705809 633490 704187 691631 574819 575601 
316102 464699 479221 431639 408129 384086 433014 339939 407968 398562 
829841 720416 740347 843071 803523 716743 739788 695998 725935 657709 
536165 482242 566329 500521 480888 566270 525504 482643 483524 350726 
680672 666161 503608 532332 662863 528867 543742 547563 502455 547593 
384431 410576 254606 385457 282727 222009 378637 296110 378652 378618 
360343 391184 378548 456796 328726 324469 404044 393136 384544 435659 
803555 842785 841403 736889 929640 732864 960447 796124 936628 959734 
738364 635717 538895 680305 540821 627947 725061 627883 570738 616925 
555630 751530 685977 571415 748375 596973 751900 622780 595869 570936 
762679 548411 683459 666444 628538 718534 736131 719648 658533 763255 
885452 732406 714271 798621 842615 777275 730726 781475 793488 730798 
753821 662393 637711 687869 701336 564732 624805 637288 637431 693705 
397349 499322 498810 507046 518224 553782 522883 410177 410367 410099 
104190 272148 193332 224470 278481 199665 224877 224411 100059 225788 
375514 230987 234362 374819 224879 327544 362839 419249 327113 304393 
488258 703545 463948 462118 698014 584871 550354 598315 550267 565052 
228553 449982 237404 348552 287234 418917 282439 237722 299496 285888 
237756 227477 30492 223141 227272 93240 124265 243253 105201 105945 
550283 448683 431561 579706 475150 475741 475989 576876 475531 475169 
285050 267254 202976 123862 154681 258266 317766 320285 266178 201900 
259721 360258 375790 268651 204373 302133 418089 369965 370005 304371 
291145 245261 257899 253546 187580 186018 142591 368377 257039 244465 
511708 525582 494155 522590 615543 572997 611918 522345 635949 611010 
203737 145729 168638 268780 204502 267427 203149 122432 241923 152125 
700946 713893 724570 683043 709053 740814 742621 761563 719747 781059 
629226 573456 708258 766967 796197 765148 579581 613636 611904 573779 
596579 703393 584849 490793 598924 502974 527507 595340 533591 576109 
420027 415083 507573 405207 399424 417928 421935 405272 405437 345035 
331407 455746 472200 343938 291414 328752 281722 464141 392164 285653 
344720 296215 287692 314134 240074 217040 343700 265870 201592 245769 
425169 571800 534794 558005 417173 587228 534730 534666 590551 534668 
610402 535329 606562 515437 549466 514430 492198 535308 535002 506920 
73626 149156 70702 137914 70454 41314 83733 154285 282435 281689 
497230 510235 663820 690115 524806 632749 551777 634924 467900 468338 
847296 727711 903640 797735 847778 948017 941799 950767 923283 923358 
275417 326498 470244 461038 421647 367122 412318 298032 449587 318266 
486362 505583 325998 367237 324591 507896 494844 549063 488815 333195 
742598 695946 703641 728962 702513 703448 699913 703507 698728 678670 
628156 632708 776056 628250 775920 765114 800403 711060 701955 628239 
357570 420112 482951 494480 361445 501679 344698 327052 311758 503813 
465106 381547 477607 423086 346730 297483 465234 423163 354526 238503 
459496 461263 364086 349464 430454 250334 262483 372724 292579 332907 
742659 869998 925915 886554 910018 821244 895193 823163 742656 822949 
67667 72052 198759 139340 93616 137469 78600 71298 248054 75856 
769491 888388 879808 769415 769629 932517 771421 942882 842641 864587 
789152 834187 737678 887748 671371 834807 771856 865833 860531 860517 
780486 615412 740408 714375 736594 780473 785839 714214 698580 739098 
845168 906798 714936 823578 685642 756734 823588 873802 887796 888187 
595446 517918 727819 558164 680206 710568 725710 650687 648045 648046 
615904 679257 678184 702249 615888 680194 566791 635472 550439 678407 
375446 360954 490032 364932 598373 391578 573527 505128 573338 375383 
754075 847552 715579 616255 723523 818342 715408 718234 716446 718475 
871271 783678 712662 898969 870169 863023 746599 752550 752880 853958 
523978 516694 303319 355731 406881 332594 513585 389027 519779 517000 
598679 639085 630007 613311 655806 818151 691046 696571 707001 768598 
858379 860109 824931 741955 757188 856868 835247 659797 739441 710127 
779773 842993 858259 683457 658861 750628 842699 728555 738716 843170 
491468 416179 486542 354763 464992 527211 556007 457774 496769 416926 
842984 832821 729447 710622 689515 689636 753035 848710 846367 680253 
452104 566433 469683 568655 469624 453667 637229 452959 566443 453045 
274614 195798 226018 295304 216655 177608 217795 370264 183977 184675 
505507 608075 504324 705197 512777 510900 512262 504934 506839 504390 
362292 283162 286086 320677 271272 192456 227060 171961 266891 202613 
873831 964135 901157 885407 864135 957726 802716 957316 922460 909204 
880829 882596 917312 796253 895829 910560 895336 921521 882244 921066 
130354 286496 157167 245362 301621 327558 248238 87186 88210 155281 
340864 254690 350987 434684 247338 292150 386392 338165 368247 305162 
548102 614998 645150 548226 699139 601243 551829 584895 585387 556751 
106516 196753 55657 238328 141514 145554 228070 101128 106674 108195 
487043 486212 489480 378138 334678 437534 308151 331812 316373 487139 
270272 205994 286157 317958 246417 300700 227036 318974 116277 225463 
725535 695575 836312 695590 922402 922386 822357 708540 920204 920830 
710160 549754 548782 563208 621507 566805 533572 533713 566845 591168 
793488 798621 677629 683452 697511 732406 781475 730798 842615 902602 
617578 632028 524639 432408 507595 599268 599267 513714 632151 521252 
597826 433674 598986 449979 509643 577984 550375 619941 429032 450163 
465531 398645 465274 399114 529718 464860 464836 403123 314366 377090 
533607 520925 428925 528840 530273 531607 507375 487010 467019 438646 
529085 529427 587706 598346 504216 530886 499432 527953 524222 519783 
383588 388484 257708 388197 235925 384439 382156 384039 268193 203915 
286510 316641 295548 237583 293355 138897 115118 326438 133842 101358 
183346 74961 74637 115820 153562 163515 72264 198605 144435 127212 
469704 311250 420738 488398 246269 479579 379447 437237 278260 480662 
388861 332595 336585 496121 355077 326980 342135 407762 377056 490611 
110460 132196 242256 172346 239549 137192 78216 93016 35824 59196 