450858 700857
694562 944561
406251 656250
732008 982007
617112 867111
601150 851149
391819 641818
496948 746947
235475 485474
318994 568993
395531 645530
628614 878613
635468 885467
378705 628704
392706 642705
569734 819733
30928 280927
672172 922171
450506 700505
154903 404902
473472 723471
559673 809672
212473 462472
92028 342027
383113 633112
299667 549666
558200 808199
288590 538589
646312 896311
667625 917624
340602 590601
595007 845006
165722 415721
565675 815674
417836 667835
470509 720508
395542 645541
155712 405711
174862 424861
111832 361831
675192 925191
151058 401057
550544 800543
659203 909202
224979 474978
636351 886350
160605 410604
112549 362548
173764 423763
396333 646332
228362 478361
686844 936843
538158 788157
170997 420996
538186 788185
96820 346819
266359 516358
466094 716093
687740 937739
507871 757870
324141 574140
464665 714664
718173 968172
550096 800095
31519 281518
743578 993577
231318 481317
291816 541815
566607 816606
108977 358976
302762 552761
308465 558464
438257 688256
732169 982168
276739 526738
341547 591546
111394 361393
498176 748175
537067 787066
459894 709893
591745 841744
395630 645629
170284 420283
682236 932235
572640 822639
313283 563282
161259 411258
59215 309214
438816 688815
217114 467113
318319 568318
331802 581801
712346 962345
360360 610359
245847 495846
617321 867320
707570 957569
290750 540749
449064 699063
277920 527919
591576 841575
206082 456081
392804 642803
11365 261364
623018 873017
265270 515269
263711 513710
595969 845968
410288 660287
161731 411730
322486 572485
714556 964555
199216 449215
157935 407934
700708 950707
148362 398361
273095 523094
747460 997459
220463 470462
457399 707398
412247 662246
106316 356315
548571 798570
719776 969775
308244 558243
432660 682659
186400 436399
515923 765922
603684 853683
698754 948753
133231 383230
38317 288316
155676 405675
12247 262246
115328 365327
248364 498363
560225 810224
340569 590568
501653 751652
72859 322858
588762 838761
208746 458745
121981 371980
1545 251544
200281 450280
254807 504806
407516 657515
486370 736369
470615 720614
115294 365293
655860 905859
167231 417230
282051 532050
532040 782039
282066 532065
234609 484608
469472 719471
207806 457805
491713 741712
446109 696108
67106 317105
659870 909869
540403 790402
599 250598
175032 425031
203317 453316
379702 629701
568734 818733
165465 415464
39103 289102
247705 497704
18007 268006
409051 659050
681665 931664
629152 879151
129192 379191
596580 846579
557289 807288
388037 638036
437065 687064
489226 739225
294068 544067
203301 453300
336178 586177
293900 543899
637661 887660
709 250708
432817 682816
732249 982248
440882 690881
421408 671407
341126 591125
677284 927283
388330 638329
481150 731149
336835 586834
276937 526936
521731 771730
728188 978187
628580 878579
584881 834880
281530 531529
43551 293550
599533 849532
245204 495203
604196 854195
356238 606237
660076 910075
210391 460390
560902 810901
666041 916040
15359 265358
547891 797890
425709 675708
151633 401632
708330 958329
34551 284550
582847 832846
306307 556306
279322 529321
99638 349637
474518 724517
455907 705906
585738 835737
116506 366505
493212 743211
621772 871771
145266 395265
504926 754925
124062 374061
449400 699399
50724 300723
510460 760459
33888 283887
12331 262330
733924 983923
12362 262361
17924 267923
63185 313184
697868 947867
718427 968426
268982 518981
588474 838473
114798 364797
47221 297220
432377 682376
151576 401575
318243 568242
732306 982305
393776 643775
344458 594457
158381 408380
249694 499693
648989 898988
744435 994434
11971 261970
89591 339590
558973 808972
180534 430533
263458 513457
142850 392849
434323 684322
615639 865638
130145 380144
741485 991484
731226 981225
467778 717777
427424 677423
74886 324885
117103 367102
650305 900304
349366 599365
592024 842023
362196 612195
288930 538929
266045 516044
525306 775305
117589 367588
221791 471790
446069 696068
3555 253554
183358 433357
249656 499655
244705 494704
484832 734831
469611 719610
551535 801534
264627 514626
325069 575068
343644 593643
378075 628074
535240 785239
129974 379973
208579 458578
465317 715316
513806 763805
57742 307741
9130 259129
570587 820586
175890 425889
233377 483376
582165 832164
41161 291160
596739 846738
451114 701113
409768 659767
107057 357056
741183 991182
685053 935052
548140 798139
116681 366680
331184 581183
667256 917255
607556 857555
348669 598668
603818 853817
60488 310487
270862 520861
573394 823393
41322 291321
372462 622461
683244 933243
644187 894186
93455 343454
610598 860597
115382 365381
122486 372485
478077 728076
318079 568078
662092 912091
489791 739790
404972 654971
159020 409019
550498 800497
360210 610209
516942 766941
650243 900242
359163 609162
145114 395113
169986 419985
580611 830610
729562 979561
341750 591749
68873 318872
349230 599229
410502 660501
357870 607869
654352 904351
323723 573722
591343 841342
502712 752711
216799 466798
52435 302434
134632 384631
539545 789544
722368 972367
24527 274526
420351 670350
389339 639338
157478 407477
640899 890898
542357 792356
501950 751949
688624 938623
109380 359379
136132 386131
14383 264382
225778 475777
74916 324915
18449 268448
353490 603489
508001 758000
109735 359734
56326 306325
24749 274748
672486 922485
170732 420731
35304 285303
277726 527725
51266 301265
333538 583537
262725 512724
182207 432206
741109 991108
96897 346896
177203 427202
506465 756464
557788 807787
375142 625141
128808 378807
361253 611252
449066 699065
337254 587253
625605 875604
365896 615895
333577 583576
723084 973083
297387 547386
80328 330327
404153 654152
655763 905762
638279 888278
167990 417989
341817 591816
731374 981373
413226 663225
12416 262415
501944 751943
397873 647872
706399 956398
182047 432046
677171 927170
193306 443305
506129 756128
13420 263419
13083 263082
531251 781250
460824 710823
640467 890466
338069 588068
464429 714428
268424 518423
94755 344754
37270 287269
621395 871394
661872 911871
27367 277366
446598 696597
749216 999215
82477 332476
371745 621744
22904 272903
150958 400957
580180 830179
469646 719645
560355 810354
628854 878853
308389 558388
682133 932132
213563 463562
133590 383589
16681 266680
469486 719485
669331 919330
165932 415931
404745 654744
587075 837074
571235 821234
366077 616076
23858 273857
474897 724896
546463 796462
444363 694362
739949 989948
201618 451617
688870 938869
191410 441409
544954 794953
311527 561526
13305 263304
3966 253965
70216 320215
484534 734533
134388 384387
181748 431747
175298 425297
437201 687200
606867 856866
188220 438219
540149 790148
710692 960691
44911 294910
514418 764417
613530 863529
42236 292235
473341 723340
38501 288500
708805 958804
303069 553068
231235 481234
614997 864996
537442 787441
399897 649896
569349 819348
362432 612431
645852 895851
311886 561885
384077 634076
531421 781420
686590 936589
60716 310715
201237 451236
349791 599790
73621 323620
196316 446315
484127 734126
196078 446077
397500 647499
10134 260133
483081 733080
601299 851298
182674 432673
369606 619605
690442 940441
711597 961596
220079 470078
503554 753553
182091 432090
427774 677773
658434 908433
746660 996659
632709 882708
654100 904099
359309 609308
320560 570559
594985 844984
576705 826704
117577 367576
239048 489047
652283 902282
319183 569182
424212 674211
467710 717709
687211 937210
164589 414588
733734 983733
61726 311725
269338 519337
1751 251750
256976 506975
336358 586357
749246 999245
394032 644031
483171 733170
627026 877025
238710 488709
452946 702945
397348 647347
712367 962366
692050 942049
267774 517773
656142 906141
703884 953883
466360 716359
656828 906827
96003 346002
103769 353768
188645 438644
635040 885039
26244 276243
545942 795941
46580 296579
448416 698415
518402 768401
102453 352452
735992 985991
162270 412269
43275 293274
368927 618926
421853 671852
479948 729947
110224 360223
502347 752346
157730 407729
615339 865338
655183 905182
1920 251919
188579 438578
119313 369312
593131 843130
432586 682585
68143 318142
297091 547090
114609 364608
56527 306526
124878 374877
370920 620919
415964 665963
60535 310534
554940 804939
540457 790456
603126 853125
129899 379898
396180 646179
433249 683248
630186 880185
68636 318635
536183 786182
113514 363513
144747 394746
132250 382249
456976 706975
17033 267032
749913 999912
235773 485772
341363 591362
451042 701041
354931 604930
162698 412697
165032 415031
275250 525249
220325 470324
564681 814680
655367 905366
361178 611177
317107 567106
723924 973923
414231 664230
330337 580336
690063 940062
463020 713019
357674 607673
244304 494303
265817 515816
256820 506819
585626 835625
713751 963750
10661 260660
488099 738098
402877 652876
726529 976528
411865 661864
83796 333795
496379 746378
737615 987614
69705 319704
277222 527221
277978 527977
392991 642990
240919 490918
219555 469554
224486 474485
487585 737584
500881 750880
324095 574094
583663 833662
225450 475449
299713 549712
346193 596192
514507 764506
684913 934912
97210 347209
177352 427351
36210 286209
508155 758154
327252 577251
16016 266015
139207 389206
518191 768190
524167 774166
305171 555170
100403 350402
21258 271257
382126 632125
53890 303889
296036 546035
6626 256625
433971 683970
2446 252445
702332 952331
322616 572615
564122 814121
493681 743680
619139 869138
411068 661067
541632 791631
314006 564005
59191 309190
40516 290515
75677 325676
362162 612161
688609 938608
102537 352536
406993 656992
322584 572583
54161 304160
169420 419419
438554 688553
681801 931800
516149 766148
547991 797990
709416 959415
507921 757920
207848 457847
401776 651775
410150 660149
534141 784140
558368 808367
512647 762646
693395 943394
492126 742125
139136 389135
678792 928791
368800 618799
667929 917928
552981 802980
725506 975505
475668 725667
114270 364269
213083 463082
649481 899480
128565 378564
651248 901247
192385 442384
372608 622607
604096 854095
441847 691846
113302 363301
663675 913674
200520 450519
339016 589015
88840 338839
370540 620539
334544 584543
35196 285195
412526 662525
130666 380665
175673 425672
384714 634713
545510 795509
433961 683960
353642 603641
733200 983199
456475 706474
386596 636595
471783 721782
100852 350851
249014 499013
343007 593006
387047 637046
158456 408455
260214 510213
291860 541859
335516 585515
746408 996407
734110 984109
594187 844186
151211 401210
73381 323380
472006 722005
499116 749115
324476 574475
510962 760961
299153 549152
120020 370019
500154 750153
539890 789889
253581 503580
39251 289250
649859 899858
718956 968955
355835 605834
645608 895607
305378 555377
333307 583306
556142 806141
64093 314092
266667 516666
678263 928262
247368 497367
270995 520994
249719 499718
381285 631284
728684 978683
319363 569362
533240 783239
43898 293897
696218 946217
87235 337234
194838 444837
23678 273677
122871 372870
129629 379628
419084 669083
177441 427440
536632 786631
288490 538489
431455 681454
599064 849063
652916 902915
556168 806167
314524 564523
408131 658130
213892 463891
516305 766304
528114 778113
627979 877978
161211 411210
698858 948857
124683 374682
425278 675277
161547 411546
122622 372621
648625 898624
174257 424256
367925 617924
579202 829201
633991 883990
702425 952424
150442 400441
378315 628314
259632 509631
487011 737010
246997 496996
416188 666187
677371 927370
280056 530055
64821 314820
456040 706039
313317 563316
455815 705814
46470 296469
348751 598750
609130 859129
193384 443383
211134 461133
663184 913183
1030 251029
620705 870704
409851 659850
630360 880359
65942 315941
210116 460115
745099 995098
324404 574403
548119 798118
410552 660551
126499 376498
59473 309472
581506 831505
737877 987876
669945 919944
492222 742221
665386 915385
679698 929697
706080 956079
256974 506973
659209 909208
707042 957041
173913 423912
341555 591554
180661 430660
594420 844419
647728 897727
586786 836785
459255 709254
394157 644156
515627 765626
71078 321077
284359 534358
13619 263618
442300 692299
110451 360450
634717 884716
550543 800542
40505 290504
564397 814396
601490 851489
340766 590765
88673 338672
1873 251872
189232 439231
368311 618310
214885 464884
625616 875615
111369 361368
716031 966030
744042 994041
232406 482405
248635 498634
375534 625533
747991 997990
299156 549155
350198 600197
510510 760509
33351 283350
84896 334895
7415 257414
83401 333400
333890 583889
638863 888862
68660 318659
121812 371811
319651 569650
100798 350797
189501 439500
73631 323630
518857 768856
515856 765855
304524 554523
542645 792644
647701 897700
745239 995238
692770 942769
21547 271546
627416 877415
157049 407048
208198 458197
201520 451519
572922 822921
103728 353727
649015 899014
344479 594478
553048 803047
294818 544817
650126 900125
466036 716035
585472 835471
307601 557600
264826 514825
607294 857293
156255 406254
329924 579923
544913 794912
573069 823068
297214 547213
641834 891833
346743 596742
485519 735518
177370 427369
316428 566427
731562 981561
523313 773312
546595 796594
530978 780977
688738 938737
521170 771169
341117 591116
39121 289120
171589 421588
457241 707240
202298 452297
1000 250999
378417 628416
116805 366804
203488 453487
126792 376791
431649 681648
82896 332895
620643 870642
548038 798037
461357 711356
288324 538323
266179 516178
167411 417410
344842 594841
479615 729614
38218 288217
441426 691425
714591 964590
252441 502440
320004 570003
556913 806912
578047 828046
265980 515979
229773 479772
229634 479633
720592 970591
19687 269686
713377 963376
657308 907307
556700 806699
681456 931455
497931 747930
516315 766314
351159 601158
615409 865408
682305 932304
293498 543497
579507 829506
622308 872307
645078 895077
329040 579039
604082 854081
399481 649480
162338 412337
461728 711727
141719 391718
728617 978616
723192 973191
79818 329817
246357 496356
534190 784189
13016 263015
249483 499482
93010 343009
688773 938772
533487 783486
657266 907265
401581 651580
419569 669568
287341 537340
418617 668616
481040 731039
196227 446226
77376 327375
16488 266487
242344 492343
315110 565109
26096 276095